1294778325.656841436
1294778325.659961285
1294778325.674731030
1294778325.679970216
1294778325.694730846
1294778325.701213919
1294778325.713478034
1294778325.721221361
1294778325.734720361
1294778325.741210899
1294778325.755958192
1294778325.762463901
1294778325.775952698
1294778325.781213665
1294778325.792208028
1294778325.808464214
1294778325.812453468
1294778325.823463970
1294778325.832216363
1294778325.844715273
1294778325.861830398
1294778325.863691635
1294778325.885947776
1294778325.888690930
1294778325.892439599
1294778325.905944445
1294778325.914714648
1294778325.923449264
1294778325.939696578
1294778325.943693414
1294778325.954934143
1294778325.968448866
1294778325.974950454
1294778325.989698197
1294778325.994947881
1294778326.7194160
1294778326.15938465
1294778326.29694510
1294778326.36180553
1294778326.49685045
1294778326.57434923
1294778326.70936502
1294778326.77429238
1294778326.88428322
1294778326.100932410
1294778326.108682727
1294778326.123437818
1294778326.129931525
1294778326.142186713
1294778326.149933403
1294778326.162304209
1294778326.169925465
1294778326.184678093
1294778326.191174154
1294778326.204683289
1294778326.211180930
1294778326.223432757
1294778326.231177914
1294778326.243428099
1294778326.252181100
1294778326.267166551
1294778326.272419048
1294778326.283422024
1294778326.298417397
1294778326.303666114
1294778326.318419425
1294778326.324920949
1294778326.339670687
1294778326.344913809
1294778326.358412052
1294778326.364909972
1294778326.377162795
1294778326.385900133
1294778326.399657265
1294778326.406158129
1294778326.418409016
1294778326.426151023
1294778326.440911462
1294778326.446150285
1294778326.458405108
1294778326.467270993
1294778326.480904003
1294778326.487393949
1294778326.500909091
1294778326.508651856
1294778326.523405110
1294778326.529910774
1294778326.540903113
1294778326.548643669
1294778326.563396555
1294778326.569895130
1294778326.584649216
1294778326.589890986
1294778326.603397207
1294778326.611587565
1294778326.622274802
1294778326.630897969
1294778326.644646361
1294778326.651259923
1294778326.665878080
1294778326.671254617
1294778326.684637784
1294778326.692389706
1294778326.710895192
1294778326.713633382
1294778326.727255076
1294778326.732385231
1294778326.743388837
1294778326.758376951
1294778326.763626556
1294778326.777252109
1294778326.784878234
1294778326.799625520
1294778326.804872482
1294778326.819638434
1294778326.825360858
1294778326.839623441
1294778326.844992635
1294778326.855871278
1294778326.870875799
1294778326.876363004
1294778326.888366821
1294778326.896238745
1294778326.908487658
1294778326.917236857
1294778326.933513186
1294778326.937611330
1294778326.952242704
1294778326.957494504
1294778326.969738217
1294778326.978486167
1294778326.990985362
1294778326.998740445
1294778327.10986130
1294778327.19740559
1294778327.33480814
1294778327.39975054
1294778327.52231366
1294778327.59967700
1294778327.73476250
1294778327.81241977
1294778327.93486411
1294778327.101227826
1294778327.113484404
1294778327.121232362
1294778327.142230846
1294778327.144968387
1294778327.150348674
1294778327.165471604
1294778327.171225874
1294778327.183476696
1294778327.192227646
1294778327.205966112
1294778327.212470101
1294778327.223473632
1294778327.237219238
1294778327.243717272
1294778327.258462060
1294778327.263710923
1294778327.275956006
1294778327.284713584
1294778327.300962941
1294778327.304959968
1294778327.319712229
1294778327.324960271
1294778327.337210450
1294778327.345955081
1294778327.360969277
1294778327.366205353
1294778327.379711358
1294778327.387454685
1294778327.402208411
1294778327.407445528
1294778327.422214688
1294778327.427448276
1294778327.442212044
1294778327.448693973
1294778327.462203599
1294778327.468694032
1294778327.483456578
1294778327.489949633
1294778327.504342260
1294778327.508686697
1294778327.519697060
1294778327.532198220
1294778327.539948720
1294778327.554699852
1294778327.559935105
1294778327.575558959
1294778327.581189003
1294778327.594690795
1294778327.601188323
1294778327.615931649
1294778327.622441363
1294778327.635932972
1294778327.642690634
1294778327.653440206
1294778327.662179974
1294778327.674686053
1294778327.683431345
1294778327.694306760
1294778327.702179414
1294778327.717180093
1294778327.723677597
1294778327.735922158
1294778327.744683925
1294778327.760548598
1294778327.766164875
1294778327.777167552
1294778327.785912599
1294778327.798422819
1294778327.806163097
1294778327.817168218
1294778327.825919610
1294778327.842180134
1294778327.847409698
1294778327.858412539
1294778327.867163860
1294778327.877168314
1294778327.887406513
1294778327.902166644
1294778327.907408680
1294778327.919668090
1294778327.928414704
1294778327.944668647
1294778327.948656664
1294778327.960922493
1294778327.968655063
1294778327.982160144
1294778327.988651830
1294778328.914029
1294778328.9652421
1294778328.23445389
1294778328.29937292
1294778328.43597600
1294778328.51171647
1294778328.64679000
1294778328.71172880
1294778328.83431914
1294778328.92177967
1294778328.104680038
1294778328.112566566
1294778328.125902061
1294778328.133669809
1294778328.145903185
1294778328.153675470
1294778328.167896947
1294778328.173662620
1294778328.185899367
1294778328.194792946
1294778328.209658336
1294778328.214911369
1294778328.227159545
1294778328.235895083
1294778328.248536752
1294778328.256146080
1294778328.271945271
1294778328.277406030
1294778328.289660396
1294778328.297777707
1294778328.309652656
1294778328.318397737
1294778328.335096210
1294778328.338769894
1294778328.353409442
1294778328.358767531
1294778328.373523496
1294778328.380020904
1294778328.393515768
1294778328.400013899
1294778328.414143912
1294778328.426897353
1294778328.431274888
1294778328.449302145
1294778328.451781205
1294778328.466071995
1294778328.471339910
1294778328.486055398
1294778328.492599313
1294778328.506059196
1294778328.511310575
1294778328.522261400
1294778328.534763460
1294778328.542508119
1294778328.555995971
1294778328.562507998
1294778328.575991043
1294778328.583773599
1294778328.597249265
1294778328.604007043
1294778328.618121384
1294778328.626243265
1294778328.637243879
1294778328.645228086
1294778328.659737551
1294778328.665001240
1294778328.678511613
1294778328.685027675
1294778328.696000527
1294778328.709746357
1294778328.716233724
1294778328.728497325
1294778328.737235102
1294778328.752231805
1294778328.759000920
1294778328.769839352
1294778328.778485565
1294778328.790990977
1294778328.798742580
1294778328.812237259
1294778328.819990197
1294778328.830981215
1294778328.839727410
1294778328.852236992
1294778328.860220588
1294778328.874738046
1294778328.881224933
1294778328.893480304
1294778328.901204354
1294778328.912255724
1294778328.920960833
1294778328.937198083
1294778328.942448795
1294778328.955953032
1294778328.962451385
1294778328.975955286
1294778328.982467516
1294778328.997199202
1294778329.3697708
1294778329.18445852
1294778329.23706977
1294778329.35941677
1294778329.44686191
1294778329.58442941
1294778329.64938920
1294778329.79691815
1294778329.86187112
1294778329.100938907
1294778329.106178929
1294778329.120949383
1294778329.126431362
1294778329.140947230
1294778329.146175601
1294778329.157236530
1294778329.169688749
1294778329.177432065
1294778329.189692993
1294778329.197429889
1294778329.212191513
1294778329.217443144
1294778329.229688031
1294778329.237425610
1294778329.250932547
1294778329.258677993
1294778329.272178875
1294778329.278683152
1294778329.289678426
1294778329.302175769
1294778329.309926528
1294778329.324689404
1294778329.329918405
1294778329.342171476
1294778329.350924428
1294778329.367173112
1294778329.371166989
1294778329.384684635
1294778329.391161772
1294778329.405915522
1294778329.412417519
1294778329.424677764
1294778329.432411421
1294778329.443424806
1294778329.452954058
1294778329.466036051
1294778329.472418286
1294778329.483412360
1294778329.492166283
1294778329.508411790
1294778329.513652490
1294778329.526030311
1294778329.533664923
1294778329.548403442
1294778329.555137916
1294778329.569649263
1294778329.575247542
1294778329.588400186
1294778329.593646424
1294778329.608518965
1294778329.615147547
1294778329.627150681
1294778329.635140134
1294778329.646015545
1294778329.654644914
1294778329.671016981
1294778329.675258720
1294778329.687139891
1294778329.696012755
1294778329.719648509
1294778329.722641637
1294778329.735765067
1294778329.737884595
1294778329.748387541
1294778329.757131610
1294778329.769633340
1294778329.778128744
1294778329.789979894
1294778329.797145292
1294778329.811017026
1294778329.817513114
1294778329.832250330
1294778329.838762598
1294778329.849770108
1294778329.857513484
1294778329.869769222
1294778329.878517063
1294778329.893515986
1294778329.898752634
1294778329.912266666
1294778329.920011684
1294778329.931009707
1294778329.939755512
1294778329.954755334
1294778329.960002935
1294778329.974751520
1294778329.981246832
1294778329.995993581
1294778330.1253922
1294778330.12245128
1294778330.21000506
1294778330.33511055
1294778330.42252394
1294778330.55986587
1294778330.62501659
1294778330.75976893
1294778330.83992605
1294778330.100986439
1294778330.103725787
1294778330.117234634
1294778330.125101783
1294778330.138487081
1294778330.145091613
1294778330.158478250
1294778330.166220265
1294778330.179725113
1294778330.186225604
1294778330.200981213
1294778330.206217690
1294778330.219730159
1294778330.226226229
1294778330.238479995
1294778330.247218563
1294778330.259718748
1294778330.268715400
1294778330.279720180
1294778330.288467563
1294778330.304722623
1294778330.308709789
1294778330.320967469
1294778330.329717785
1294778330.344726636
1294778330.351216503
1294778330.365957962
1294778330.371208396
1294778330.384733182
1294778330.391221133
1294778330.404714174
1294778330.412459443
1294778330.427207089
1294778330.432468817
1294778330.443467151
1294778330.452215967
1294778330.467208325
1294778330.473699860
1294778330.484712121
1294778330.493461206
1294778330.509708228
1294778330.515071341
1294778330.529703511
1294778330.535081731
1294778330.549324423
1294778330.556190850
1294778330.568441451
1294778330.577191906
1294778330.592207395
1294778330.597439580
1294778330.608439066
1294778330.623449984
1294778330.628689376
1294778330.642204308
1294778330.648691790
1294778330.660941203
1294778330.669688429
1294778330.684699842
1294778330.691190677
1294778330.702190485
1294778330.710933650
1294778330.724694209
1294778330.731189371
1294778330.744694403
1294778330.752438203
1294778330.765930488
1294778330.772431603
1294778330.784687683
1294778330.792440898
1294778330.804682166
1294778330.812427470
1294778330.824683962
1294778330.832437410
1294778330.843434779
1294778330.852176602
1294778330.864798792
1294778330.872421398
1294778330.884678085
1294778330.893432975
1294778330.908417448
1294778330.913668291
1294778330.927172465
1294778330.935042153
1294778330.945918750
1294778330.954680126
1294778330.969666841
1294778330.975026549
1294778330.985910668
1294778331.4411819
1294778331.6401120
1294778331.26553736
1294778331.28652449
1294778331.35904022
1294778331.52160181
1294778331.56152225
1294778331.69651746
1294778331.77403735
1294778331.92164001
1294778331.97397022
1294778331.110899531
1294778331.117397352
1294778331.129650833
1294778331.138401190
1294778331.150905230
1294778331.158643390
1294778331.172149311
1294778331.179894697
1294778331.193398724
1294778331.199895341
1294778331.214648513
1294778331.221143232
1294778331.236027888
1294778331.241150847
1294778331.252142608
1294778331.260011674
1294778331.271011973
1294778331.279636872
1294778331.292139506
1294778331.301008462
1294778331.314770649
1294778331.321261401
1294778331.333519419
1294778331.342266383
1294778331.356124638
1294778331.362506490
1294778331.377254083
1294778331.383769395
1294778331.398506613
1294778331.403750845
1294778331.416122278
1294778331.423757571
1294778331.437249485
1294778331.445015658
1294778331.456110573
1294778331.464751791
1294778331.478503870
1294778331.485250069
1294778331.496120644
1294778331.504757782
1294778331.520996378
1294778331.526235904
1294778331.541003090
1294778331.546238113
1294778331.558490125
1294778331.567235468
1294778331.580987328
1294778331.587483375
1294778331.598485834
1294778331.607231804
1294778331.622236351
1294778331.628729590
1294778331.640999491
1294778331.649735089
1294778331.664745471
1294778331.669980765
1294778331.682232922
1294778331.690987794
1294778331.704736456
1294778331.712488621
1294778331.724737374
1294778331.732484676
1294778331.747228523
1294778331.753720039
1294778331.766093990
1294778331.773724534
1294778331.787219691
1294778331.793724541
1294778331.807216166
1294778331.814969395
1294778331.829722162
1294778331.834969651
1294778331.846102876
1294778331.854722008
1294778331.867210108
1294778331.874972918
1294778331.889719581
1294778331.896459109
1294778331.908456587
1294778331.916212574
1294778331.930965539
1294778331.936199208
1294778331.949724899
1294778331.957458387
1294778331.969712509
1294778331.977449608
1294778331.989711620
1294778331.997711333
1294778332.9708571
1294778332.18454811
1294778332.32211830
1294778332.38701401
1294778332.53458668
1294778332.59949536
1294778332.72202462
1294778332.78695641
1294778332.90950191
1294778332.99693420
1294778332.113452134
1294778332.119946040
1294778332.130947227
1294778332.144714386
1294778332.151446255
1294778332.162193086
1294778332.170938283
1294778332.183447794
1294778332.192200127
1294778332.204695407
1294778332.212438187
1294778332.227184775
1294778332.233691395
1294778332.246810896
1294778332.252805341
1294778332.264692837
1294778332.284696616
1294778332.287424323
1294778332.292802382
1294778332.306804591
1294778332.313429105
1294778332.326044081
1294778332.334934567
1294778332.346063196
1294778332.354814025
1294778332.370923024
1294778332.374919278
1294778332.388424345
1294778332.395180084
1294778332.407167859
1294778332.416033376
1294778332.432184589
1294778332.437414329
1294778332.448427339
1294778332.456408221
1294778332.467167853
1294778332.476027198
1294778332.490921869
1294778332.497418381
1294778332.508416812
1294778332.517159445
1294778332.533418907
1294778332.537416827
1294778332.549790509
1294778332.558404939
1294778332.574791753
1294778332.579902362
1294778332.590907782
1294778332.598786061
1294778332.609776142
1294778332.618400791
1294778332.633416463
1294778332.639899446
1294778332.653415364
1294778332.659904212
1294778332.670900277
1294778332.679777408
1294778332.693405715
1294778332.699896557
1294778332.710895105
1294778332.719772468
1294778332.733403614
1294778332.741268825
1294778332.752283163
1294778332.760897080
1294778332.774770385
1294778332.782514661
1294778332.794776088
1294778332.802512302
1294778332.817259216
1294778332.822516145
1294778332.836018718
1294778332.842515124
1294778332.854778478
1294778332.863516233
1294778332.878513109
1294778332.883760225
1294778332.894777198
1294778332.909765747
1294778332.915260429
1294778332.928512433
1294778332.935009424
1294778332.948516396
1294778332.956251586
1294778332.968501051
1294778332.976241919
1294778332.988499862
1294778332.996251956
1294778333.8498418
1294778333.16494692
1294778333.29745694
1294778333.36245269
1294778333.47253885
1294778333.55992903
1294778333.70988999
1294778333.76239726
1294778333.88492499
1294778333.97236462
1294778333.109735065
1294778333.117484849
1294778333.132244463
1294778333.138731957
1294778333.153503685
1294778333.158732402
1294778333.172235639
1294778333.178731794
1294778333.192237700
1294778333.199987608
1294778333.213485539
1294778333.220229741
1294778333.233494016
1294778333.241232293
1294778333.253488793
1294778333.261240643
1294778333.273478045
1294778333.281222884
1294778333.292229280
1294778333.300971578
1294778333.317223449
1294778333.321467748
1294778333.333485207
1294778333.342220989
1294778333.358477381
1294778333.363720147
1294778333.377217839
1294778333.383731808
1294778333.395984719
1294778333.403717769
1294778333.417214482
1294778333.423717202
1294778333.434720613
1294778333.443467172
1294778333.459719859
1294778333.463709874
1294778333.475966273
1294778333.484721219
1294778333.500973397
1294778333.504962485
1294778333.519706883
1294778333.524951629
1294778333.535962263
1294778333.549703114
1294778333.556203769
1294778333.569330900
1294778333.577071291
1294778333.591703036
1294778333.597445799
1294778333.608444692
1294778333.617191862
1294778333.630954843
1294778333.637448396
1294778333.652206248
1294778333.658697679
1294778333.672196648
1294778333.678688383
1294778333.690946652
1294778333.698692559
1294778333.713447782
1294778333.719937057
1294778333.733445393
1294778333.740188781
1294778333.752189322
1294778333.759943989
1294778333.772187473
1294778333.779932379
1294778333.793442421
1294778333.799939773
1294778333.812193607
1294778333.819929628
1294778333.832187228
1294778333.840930604
1294778333.853445656
1294778333.861186474
1294778333.874679680
1294778333.881178318
1294778333.892306733
1294778333.908424908
1294778333.912419771
1294778333.925923750
1294778333.932432849
1294778333.944690601
1294778333.952435957
1294778333.964684545
1294778333.972424509
1294778333.984674578
1294778333.992800783
1294778334.4681034
1294778334.13426441
1294778334.27166123
1294778334.33673482
1294778334.44673773
1294778334.53418682
1294778334.65925228
1294778334.73659225
1294778334.85918275
1294778334.94667765
1294778334.107157707
1294778334.114912050
1294778334.128406618
1294778334.136155806
1294778334.148407221
1294778334.156160001
1294778334.170908309
1294778334.176272300
1294778334.187155129
1294778334.195894687
1294778334.209651579
1294778334.217521537
1294778334.232155637
1294778334.237522995
1294778334.249775437
1294778334.257526797
1294778334.269771912
1294778334.278518456
1294778334.294776752
1294778334.299013704
1294778334.313520168
1294778334.318764641
1294778334.333527794
1294778334.338762042
1294778334.352268945
1294778334.360022644
1294778334.372265146
1294778334.380008511
1294778334.393513645
1294778334.400267558
1294778334.414776711
1294778334.420006853
1294778334.431007361
1294778334.439759443
1294778334.453509331
1294778334.461268478
1294778334.476001519
1294778334.481250543
1294778334.493513338
1294778334.502267415
1294778334.515995229
1294778334.523754638
1294778334.535998165
1294778334.543755016
1294778334.557253653
1294778334.563756223
1294778334.574757662
1294778334.589747354
1294778334.594994023
1294778334.607245901
1294778334.614995061
1294778334.627241880
1294778334.635993730
1294778334.648489389
1294778334.656494358
1294778334.670994568
1294778334.676231166
1294778334.690986855
1294778334.697482984
1294778334.712239031
1294778334.717481030
1294778334.732242076
1294778334.738736581
1294778334.753484987
1294778334.758728226
1294778334.770986687
1294778334.779728746
1294778334.794734779
1294778334.799974801
1294778334.810978238
1294778334.823484790
1294778334.831226974
1294778334.842236195
1294778334.851602512
1294778334.861482894
1294778334.871602184
1294778334.885490776
1294778334.892729226
1294778334.909725321
1294778334.912713612
1294778334.924726603
1294778334.932476185
1294778334.945970595
1294778334.952532602
1294778334.964732729
1294778334.973471507
1294778334.988466516
1294778334.994968520
1294778335.9714861
1294778335.14957301
1294778335.28455108
1294778335.34960037
1294778335.45954574
1294778335.54703587
1294778335.69706647
1294778335.76198794
1294778335.89712867
1294778335.96198194
1294778335.109712964
1294778335.116196787
1294778335.127198931
1294778335.139712690
1294778335.147455616
1294778335.160958398
1294778335.167699882
1294778335.179703719
1294778335.187453714
1294778335.199702241
1294778335.207444076
1294778335.218574651
1294778335.233585157
1294778335.238693088
1294778335.253454659
1294778335.258690287
1294778335.272208203
1294778335.279946149
1294778335.293453121
1294778335.299943910
1294778335.314696827
1294778335.320181700
1294778335.333572483
1294778335.339940891
1294778335.353577365
1294778335.361188774
1294778335.375935760
1294778335.381192666
1294778335.392186688
1294778335.400950086
1294778335.415926733
1294778335.422551701
1294778335.435934760
1294778335.442557685
1294778335.457176525
1294778335.463681772
1294778335.474813562
1294778335.483570844
1294778335.498551151
1294778335.503687036
1294778335.518546231
1294778335.525300542
1294778335.537174137
1294778335.544925803
1294778335.558615243
1294778335.564926459
1294778335.578547478
1294778335.584915157
1294778335.599746027
1294778335.606163626
1294778335.619661369
1294778335.626586801
1294778335.639664511
1294778335.646282029
1294778335.658529286
1294778335.667163848
1294778335.682344988
1294778335.688778325
1294778335.700905917
1294778335.708899788
1294778335.719649562
1294778335.728530296
1294778335.742286847
1294778335.748769545
1294778335.759783688
1294778335.773541034
1294778335.780279183
1294778335.791027578
1294778335.799769337
1294778335.812274201
1294778335.820032835
1294778335.831028053
1294778335.843533982
1294778335.851270061
1294778335.862276584
1294778335.871029645
1294778335.884780268
1294778335.891266772
1294778335.904777046
1294778335.911264776
1294778335.923517762
1294778335.932263327
1294778335.944778826
1294778335.952509311
1294778335.966007381
1294778335.973770453
1294778335.987256269
1294778335.993762079
1294778336.7257922
1294778336.15008257
1294778336.28503402
1294778336.35257754
1294778336.48501579
1294778336.55007247
1294778336.65998731
1294778336.74764112
1294778336.91000927
1294778336.96240961
1294778336.109750557
1294778336.116239378
1294778336.128494734
1294778336.145740394
1294778336.147493519
1294778336.169753559
1294778336.172490331
1294778336.177490987
1294778336.192247166
1294778336.197487068
1294778336.210993421
1294778336.217484357
1294778336.228483831
1294778336.243522947
1294778336.248731884
1294778336.260982553
1294778336.268733094
1294778336.282243887
1294778336.289982965
1294778336.304735788
1294778336.311233526
1294778336.323488031
1294778336.331228865
1294778336.343486884
1294778336.351224418
1294778336.364737588
1294778336.371235356
1294778336.384734104
1294778336.391223311
1294778336.405976157
1294778336.411221709
1294778336.424722565
1294778336.431223374
1294778336.442223575
1294778336.457222161
1294778336.462472412
1294778336.477221756
1294778336.482463513
1294778336.496088896
1294778336.503732260
1294778336.517213307
1294778336.523712986
1294778336.538462443
1294778336.543715093
1294778336.555959482
1294778336.563709329
1294778336.577213039
1294778336.584963381
1294778336.598456393
1294778336.604952604
1294778336.619706117
1294778336.624951812
1294778336.635955846
1294778336.644713004
1294778336.659705711
1294778336.665206198
1294778336.679705422
1294778336.686196163
1294778336.697322695
1294778336.705947215
1294778336.722207728
1294778336.726194692
1294778336.737197443
1294778336.752202219
1294778336.757440569
1294778336.769697193
1294778336.777445207
1294778336.788444910
1294778336.803452626
1294778336.808695276
1294778336.820942284
1294778336.828690021
1294778336.843444415
1294778336.848687695
1294778336.862190522
1294778336.868684435
1294778336.882192599
1294778336.889936166
1294778336.904696612
1294778336.909928336
1294778336.923434868
1294778336.929926626
1294778336.943447868
1294778336.951185946
1294778336.963437293
1294778336.971178360
1294778336.985927025
1294778336.991174261
1294778337.2194590
1294778337.10927095
1294778337.27176779
1294778337.32417873
1294778337.47168709
1294778337.53915358
1294778337.68461679
1294778337.73667585
1294778337.84687281
1294778337.92417380
1294778337.107297824
1294778337.113668810
1294778337.124668749
1294778337.132543736
1294778337.146036748
1294778337.153793595
1294778337.168534529
1294778337.173792605
1294778337.188539107
1294778337.195035565
1294778337.206026824
1294778337.214787968
1294778337.227276125
1294778337.235035752
1294778337.249782673
1294778337.256538927
1294778337.267276840
1294778337.276035537
1294778337.292289318
1294778337.296268347
1294778337.307273367
1294778337.322279377
1294778337.327520738
1294778337.339782637
1294778337.347520553
1294778337.361023411
1294778337.368781722
1294778337.383539813
1294778337.390025552
1294778337.402274665
1294778337.410281363
1294778337.432273584
1294778337.435014331
1294778337.440011819
1294778337.454272408
1294778337.460508980
1294778337.469635401
1294778337.486015451
1294778337.491257081
1294778337.502278359
1294778337.510009736
1294778337.521013639
1294778337.529780367
1294778337.543526902
1294778337.550021914
1294778337.561017691
1294778337.569761835
1294778337.582273377
1294778337.591017630
1294778337.607260805
1294778337.611503005
1294778337.623526731
1294778337.631263661
1294778337.642256093
1294778337.654757321
1294778337.662758856
1294778337.675996749
1294778337.682495357
1294778337.693495712
1294778337.702243422
1294778337.718493870
1294778337.723740630
1294778337.738496656
1294778337.743754829
1294778337.754754510
1294778337.762489685
1294778337.775984051
1294778337.783737733
1294778337.794742742
1294778337.803487234
1294778337.818487633
1294778337.824985959
1294778337.837232791
1294778337.844997870
1294778337.855978128
1294778337.864735959
1294778337.878480118
1294778337.884982365
1294778337.898491809
1294778337.904989115
1294778337.917359426
1294778337.924978274
1294778337.938485066
1294778337.944993928
1294778337.958477150
1294778337.966218042
1294778337.980973615
1294778337.986219201
1294778337.999725606
1294778338.6225182
1294778338.20971409
1294778338.27492384
1294778338.41000480
1294778338.47517679
1294778338.60002610
1294778338.67757077
1294778338.78491583
1294778338.87230514
1294778338.102245478
1294778338.108732147
1294778338.122234919
1294778338.128735953
1294778338.140985575
1294778338.148732439
1294778338.160981930
1294778338.168722719
1294778338.182228621
1294778338.188727559
1294778338.199722987
1294778338.213488091
1294778338.220353974
1294778338.233489148
1294778338.239984490
1294778338.250987046
1294778338.265960937
1294778338.271470051
1294778338.282231131
1294778338.290977457
1294778338.307342703
1294778338.312480001
1294778338.325960613
1294778338.332474653
1294778338.347335600
1294778338.352473573
1294778338.365961125
1294778338.372468439
1294778338.387329996
1294778338.393721058
1294778338.407330202
1294778338.413719603
1294778338.427325589
1294778338.433722486
1294778338.444709391
1294778338.460973327
1294778338.464962101
1294778338.477339184
1294778338.484969135
1294778338.498467543
1294778338.504972858
1294778338.518491218
1294778338.525576346
1294778338.537392751
1294778338.546114037
1294778338.561019971
1294778338.568335780
1294778338.582325708
1294778338.587432489
1294778338.598502783
1294778338.607312389
1294778338.623447620
1294778338.627571823
1294778338.640953168
1294778338.648814108
1294778338.661122773
1294778338.668810031
1294778338.681066921
1294778338.688812566
1294778338.702319282
1294778338.719437950
1294778338.721294080
1294778338.728910364
1294778338.743094395
1294778338.748821811
1294778338.762336461
1294778338.770065753
1294778338.783561813
1294778338.790305463
1294778338.801046238
1294778338.809805287
1294778338.826038142
1294778338.830048889
1294778338.844801348
1294778338.851299364
1294778338.864811037
1294778338.871304043
1294778338.883550036
1294778338.891298009
1294778338.904816207
1294778338.912543208
1294778338.923548452
1294778338.933080464
1294778338.944829896
1294778338.952538411
1294778338.964795034
1294778338.972537705
1294778338.983534753
1294778338.992269039
1294778339.7264768
1294778339.13880459
1294778339.24759212
1294778339.33501983
1294778339.47255501
1294778339.55001955
1294778339.68502046
1294778339.75318441
1294778339.89757377
1294778339.96498069
1294778339.107248904
1294778339.115998822
1294778339.132258539
1294778339.136248093
1294778339.151004022
1294778339.157499941
1294778339.172269236
1294778339.177508523
1294778339.188502894
1294778339.197241320
1294778339.213505315
1294778339.218741231
1294778339.230996239
1294778339.238751111
1294778339.249743708
1294778339.258487087
1294778339.273492144
1294778339.278738320
1294778339.292238095
1294778339.300233998
1294778339.313491798
1294778339.319990678
1294778339.330987911
1294778339.339737414
1294778339.354747466
1294778339.361245811
1294778339.374751327
1294778339.381231298
1294778339.394765263
1294778339.401255963
1294778339.415980394
1294778339.421225485
1294778339.435971033
1294778339.442477133
1294778339.457232661
1294778339.462474714
1294778339.473482280
1294778339.485978821
1294778339.493979924
1294778339.505973304
1294778339.513725570
1294778339.528472545
1294778339.533720406
1294778339.544723622
1294778339.558475153
1294778339.563713000
1294778339.577213481
1294778339.584968439
1294778339.599714258
1294778339.604987592
1294778339.619717614
1294778339.624962348
1294778339.639721929
1294778339.644962093
1294778339.658456083
1294778339.664958586
1294778339.679705988
1294778339.686202999
1294778339.697200991
1294778339.705948637
1294778339.718458320
1294778339.726201865
1294778339.739710659
1294778339.746201238
1294778339.760953480
1294778339.767448571
1294778339.782200055
1294778339.787445240
1294778339.799702576
1294778339.808445599
1294778339.822206319
1294778339.828704095
1294778339.840952840
1294778339.849696170
1294778339.865944167
1294778339.869940384
1294778339.880940409
1294778339.889689150
1294778339.903444362
1294778339.911190415
1294778339.922191246
1294778339.930937906
1294778339.947190508
1294778339.951190812
1294778339.964817507
1294778339.971435760
1294778339.984688618
1294778339.991562353
1294778340.4445078
1294778340.12058422
1294778340.26806881
1294778340.32432023
1294778340.44684218
1294778340.53432535
1294778340.69695189
1294778340.74046517
1294778340.84813067
1294778340.93556075
1294778340.106048244
1294778340.114806373
1294778340.128553855
1294778340.135056343
1294778340.149800793
1294778340.155044838
1294778340.168544164
1294778340.175051294
1294778340.189798205
1294778340.196286089
1294778340.211044847
1294778340.216285724
1294778340.227287279
1294778340.236034652
1294778340.252294654
1294778340.257535238
1294778340.272296059
1294778340.277779594
1294778340.288537502
1294778340.297275552
1294778340.312304450
1294778340.317533114
1294778340.332291802
1294778340.338785962
1294778340.349797184
1294778340.358531942
1294778340.371033897
1294778340.378775807
1294778340.389785071
1294778340.398523167
1294778340.414808090
1294778340.418773601
1294778340.431024593
1294778340.439776127
1294778340.453526956
1294778340.460022354
1294778340.473523314
1294778340.482770619
1294778340.497275944
1294778340.501277646
1294778340.513526114
1294778340.521270484
1294778340.536021163
1294778340.541275647
1294778340.556009597
1294778340.562510016
1294778340.576015237
1294778340.582516019
1294778340.596882710
1294778340.602506247
1294778340.614767276
1294778340.622512032
1294778340.633514179
1294778340.642257881
1294778340.657268155
1294778340.663769874
1294778340.673507444
1294778340.686000340
1294778340.694757776
1294778340.709751851
1294778340.715000107
1294778340.729751843
1294778340.735367715
1294778340.748499729
1294778340.755001159
1294778340.768502769
1294778340.776243476
1294778340.789746517
1294778340.796239710
1294778340.809746412
1294778340.816244081
1294778340.829746980
1294778340.836241721
1294778340.850990187
1294778340.857494325
1294778340.872256237
1294778340.877736400
1294778340.890987904
1294778340.898735967
1294778340.912242424
1294778340.918732568
1294778340.929741037
1294778340.938616495
1294778340.953495638
1294778340.958745871
1294778340.971001065
1294778340.979741992
1294778340.992238394
1294778340.999983952
1294778341.14726534
1294778341.19970790
1294778341.30972394
1294778341.47221654
1294778341.49962153
1294778341.62224773
1294778341.70975658
1294778341.84734924
1294778341.91218383
1294778341.103470248
1294778341.112222566
1294778341.127220804
1294778341.132471310
1294778341.143482209
1294778341.158472370
1294778341.163725177
1294778341.178468244
1294778341.183715454
1294778341.198457583
1294778341.205200029
1294778341.218469897
1294778341.225208619
1294778341.238459127
1294778341.245207490
1294778341.258467713
1294778341.265220051
1294778341.284719144
1294778341.287456843
1294778341.304587664
1294778341.306699779
1294778341.324718685
1294778341.327453767
1294778341.339706446
1294778341.346193222
1294778341.357329145
1294778341.366081612
1294778341.378450765
1294778341.386194815
1294778341.399697557
1294778341.407441215
1294778341.418450059
1294778341.427188132
1294778341.443456361
1294778341.447435480
1294778341.459698002
1294778341.468454328
1294778341.484696441
1294778341.488690836
1294778341.501081256
1294778341.509064092
1294778341.519819622
1294778341.528438046
1294778341.541064487
1294778341.548803719
1294778341.562194716
1294778341.570070790
1294778341.583566242
1294778341.590053957
1294778341.603563864
1294778341.610304099
1294778341.621060592
1294778341.634812692
1294778341.641303617
1294778341.653553349
1294778341.661560264
1294778341.676055792
1294778341.682554511
1294778341.694802758
1294778341.702550749
1294778341.716048051
1294778341.722551855
1294778341.734807530
1294778341.742553088
1294778341.757298859
1294778341.762544598
1294778341.777299713
1294778341.782541317
1294778341.797287057
1294778341.803788728
1294778341.816041569
1294778341.823787047
1294778341.836041084
1294778341.843793286
1294778341.857288507
1294778341.863799056
1294778341.874802966
1294778341.883546855
1294778341.899783231
1294778341.905137273
1294778341.918535249
1294778341.925149868
1294778341.936030414
1294778341.944785487
1294778341.959786263
1294778341.965159012
1294778341.978531509
1294778341.986268498
1294778341.998531643
1294778342.6271060
1294778342.19784938
1294778342.26265180
1294778342.41027328
1294778342.46261658
1294778342.59776564
1294778342.66265391
1294778342.78528195
1294778342.86258851
1294778342.101097221
1294778342.106253879
1294778342.117263763
1294778342.126005372
1294778342.142271602
1294778342.147510856
1294778342.162268227
1294778342.167515640
1294778342.179766076
1294778342.188509027
1294778342.201010540
1294778342.208750669
1294778342.219764275
1294778342.228505839
1294778342.243517518
1294778342.249999035
1294778342.261009856
1294778342.269766250
1294778342.284758802
1294778342.291248917
1294778342.304750050
1294778342.311503202
1294778342.324760469
1294778342.331252399
1294778342.343504275
1294778342.351246290
1294778342.365995450
1294778342.371251205
1294778342.385992224
1294778342.391241174
1294778342.402250941
1294778342.415986195
1294778342.422741064
1294778342.434744530
1294778342.442489350
1294778342.454743498
1294778342.463508809
1294778342.477244475
1294778342.483735088
1294778342.497237073
1294778342.503740659
1294778342.515978359
1294778342.523733201
1294778342.537233731
1294778342.543728055
1294778342.555730469
1294778342.569358998
1294778342.574106710
1294778342.587973897
1294778342.594736055
1294778342.607227482
1294778342.615090299
1294778342.628472553
1294778342.635090831
1294778342.647225594
1294778342.655961113
1294778342.670978399
1294778342.677468034
1294778342.692220516
1294778342.697458033
1294778342.708462888
1294778342.717219027
1294778342.732226027
1294778342.738711717
1294778342.753465687
1294778342.758709770
1294778342.772221796
1294778342.778713572
1294778342.793463882
1294778342.799959903
1294778342.814714514
1294778342.819952755
1294778342.834712781
1294778342.839950119
1294778342.854712357
1294778342.859953665
1294778342.872213030
1294778342.880959791
1294778342.895946388
1294778342.901199700
1294778342.913453515
1294778342.921206838
1294778342.933466552
1294778342.941206898
1294778342.953450431
1294778342.961198963
1294778342.973456096
1294778342.982209232
1294778342.998450974
1294778343.2572202
1294778343.13561282
1294778343.22313086
1294778343.36058250
1294778343.43805566
1294778343.56054957
1294778343.63810691
1294778343.77321447
1294778343.83819915
1294778343.96058957
1294778343.104814162
1294778343.118558253
1294778343.125160982
1294778343.138556918
1294778343.145171068
1294778343.156053534
1294778343.164809784
1294778343.178563505
1294778343.186303390
1294778343.201048507
1294778343.206288277
1294778343.218548393
1294778343.227293013
1294778343.239796764
1294778343.247668960
1294778343.261062608
1294778343.268791848
1294778343.282308530
1294778343.288786054
1294778343.303543778
1294778343.308784460
1294778343.323544155
1294778343.328793783
1294778343.342301657
1294778343.350049252
1294778343.362301075
1294778343.370046584
1294778343.383552310
1294778343.390038108
1294778343.401031705
1294778343.409778808
1294778343.424793052
1294778343.431280485
1294778343.446151060
1294778343.451276450
1294778343.462286674
1294778343.471036724
1294778343.487282231
1294778343.491281657
1294778343.503540594
1294778343.511282268
1294778343.523533766
1294778343.532278970
1294778343.546140067
1294778343.552773394
1294778343.567266532
1294778343.572523686
1294778343.583534109
1294778343.592266220
1294778343.608512608
1294778343.613765869
1294778343.626125426
1294778343.633779979
1294778343.644773104
1294778343.653513510
1294778343.666142077
1294778343.673776082
1294778343.688514169
1294778343.693762691
1294778343.707250210
1294778343.715009795
1294778343.729756986
1294778343.735003877
1294778343.748510152
1294778343.756247921
1294778343.771005675
1294778343.776243417
1294778343.788506063
1294778343.796242795
1294778343.810999450
1294778343.816313746
1294778343.827254841
1294778343.835382725
1294778343.848126573
1294778343.876119340
1294778343.878739378
1294778343.892248873
1294778343.897496158
1294778343.908493532
1294778343.922246273
1294778343.928756352
1294778343.943501570
1294778343.948735086
1294778343.963497456
1294778343.968740890
1294778343.979749004
1294778343.988494531
1294778344.3500023
1294778344.9978698
1294778344.24737696
1294778344.29981412
1294778344.40982112
1294778344.49729162
1294778344.62242250
1294778344.69986706
1294778344.82241897
1294778344.89980181
1294778344.102228791
1294778344.110979407
1294778344.127229518
1294778344.131222428
1294778344.146096954
1294778344.151228367
1294778344.164849542
1294778344.172474522
1294778344.186103744
1294778344.192469579
1294778344.206082341
1294778344.212468472
1294778344.224856264
1294778344.233467972
1294778344.249842123
1294778344.253836465
1294778344.264852588
1294778344.273477289
1294778344.288467289
1294778344.294965843
1294778344.306078074
1294778344.314841795
1294778344.328460339
1294778344.336200988
1294778344.347208315
1294778344.356074196
1294778344.372215877
1294778344.376576663
1294778344.388462452
1294778344.396196925
1294778344.409829527
1294778344.417446782
1294778344.432204570
1294778344.437455803
1294778344.452203917
1294778344.457567994
1294778344.472208659
1294778344.477574267
1294778344.488573737
1294778344.503584224
1294778344.508812281
1294778344.522328292
1294778344.528818336
1294778344.541067471
1294778344.548812673
1294778344.561065037
1294778344.568808945
1294778344.581067327
1294778344.588815211
1294778344.602321345
1294778344.608808393
1294778344.622312537
1294778344.630064267
1294778344.642308997
1294778344.650059328
1294778344.662310170
1294778344.670058863
1294778344.681062825
1294778344.689807966
1294778344.702303348
1294778344.710050815
1294778344.724819210
1294778344.730053735
1294778344.744808962
1294778344.751298237
1294778344.762306582
1294778344.771044580
1294778344.786051430
1294778344.792554658
1294778344.807289194
1294778344.812542137
1294778344.827292028
1294778344.832543276
1294778344.843549331
1294778344.859797102
1294778344.863795209
1294778344.874801443
1294778344.883545141
1294778344.896044213
1294778344.903786628
1294778344.917284826
1294778344.923785949
1294778344.938540104
1294778344.945033079
1294778344.959783810
1294778344.965033461
1294778344.977283265
1294778344.986040295
1294778344.999792010
1294778345.6278565
1294778345.17272761
1294778345.26023834
1294778345.39775825
1294778345.47522587
1294778345.59770792
1294778345.67521604
1294778345.79786634
1294778345.88530227
1294778345.104779445
1294778345.108763360
1294778345.122018153
1294778345.135654253
1294778345.140141991
1294778345.154272691
1294778345.160019410
1294778345.174775153
1294778345.180014287
1294778345.193532357
1294778345.200008995
1294778345.213520117
1294778345.221259976
1294778345.236009830
1294778345.241515960
1294778345.253512868
1294778345.261257054
1294778345.272263645
1294778345.284768078
1294778345.292768819
1294778345.303506402
1294778345.312260059
1294778345.326012044
1294778345.332511251
1294778345.344757997
1294778345.352514370
1294778345.367253447
1294778345.372500863
1294778345.384761960
1294778345.392755684
1294778345.407247769
1294778345.412496118
1294778345.427241495
1294778345.433747729
1294778345.444742141
1294778345.453495595
1294778345.467242274
1294778345.473754099
1294778345.486001199
1294778345.494760877
1294778345.509746722
1294778345.516229382
1294778345.528491443
1294778345.536229944
1294778345.548482731
1294778345.556229643
1294778345.568484819
1294778345.576226448
1294778345.588479412
1294778345.596479878
1294778345.610981370
1294778345.616473949
1294778345.630984782
1294778345.637481672
1294778345.648479650
1294778345.657224405
1294778345.669723143
1294778345.677470535
1294778345.692229863
1294778345.697720703
1294778345.710978173
1294778345.717473995
1294778345.730987895
1294778345.738719891
1294778345.752223322
1294778345.758721289
1294778345.773475087
1294778345.778718735
1294778345.789717669
1294778345.798472885
1294778345.812219803
1294778345.819959903
1294778345.832217939
1294778345.839960336
1294778345.851091404
1294778345.859714201
1294778345.873467129
1294778345.879959940
1294778345.893468925
1294778345.899959985
1294778345.912211760
1294778345.920958007
1294778345.937334112
1294778345.941334064
1294778345.953462050
1294778345.961329766
1294778345.973584721
1294778345.982331433
1294778345.998606926
1294778346.2827859
1294778346.14831648
1294778346.22580854
1294778346.36070270
1294778346.43823185
1294778346.56065770
1294778346.63831351
1294778346.74833180
1294778346.83577473
1294778346.96066174
1294778346.104082572
1294778346.116063031
1294778346.124815611
1294778346.137311983
1294778346.145068047
1294778346.158562522
1294778346.165062970
1294778346.176052009
1294778346.191067206
1294778346.196300239
1294778346.208557031
1294778346.216302858
1294778346.231060541
1294778346.236299364
1294778346.248554412
1294778346.256546007
1294778346.269804362
1294778346.277552178
1294778346.289798913
1294778346.297555979
1294778346.309799782
1294778346.317544812
1294778346.331048656
1294778346.337542228
1294778346.348543340
1294778346.357416774
1294778346.373547516
1294778346.378795192
1294778346.392299564
1294778346.398798243
1294778346.409167678
1294778346.421923045
1294778346.428784564
1294778346.443042025
1294778346.448780735
1294778346.459787888
1294778346.468533921
1294778346.483544851
1294778346.490031887
1294778346.503554326
1294778346.510091499
1294778346.521038905
1294778346.529783484
1294778346.544790187
1294778346.550278181
1294778346.563538272
1294778346.571278269
1294778346.582289693
1294778346.591027020
1294778346.606025148
1294778346.611528414
1294778346.623521753
1294778346.632275964
1294778346.644773603
1294778346.652522023
1294778346.666021978
1294778346.672518317
1294778346.687269229
1294778346.692518407
1294778346.703530146
1294778346.712270630
1294778346.727321341
1294778346.733763609
1294778346.747262294
1294778346.753763421
1294778346.767260535
1294778346.773757199
1294778346.784771188
1294778346.793509569
1294778346.809763730
1294778346.813755976
1294778346.826005081
1294778346.833761817
1294778346.844760819
1294778346.861009584
1294778346.865248717
1294778346.877248986
1294778346.885006509
1294778346.897247868
1294778346.906001475
1294778346.920615002
1294778346.926250403
1294778346.941006721
1294778346.946242854
1294778346.959754730
1294778346.966246705
1294778346.977248207
1294778346.991003824
1294778346.997497168
1294778347.12245187
1294778347.17737560
1294778347.28617370
1294778347.37235884
1294778347.49732544
1294778347.57607595
1294778347.72247192
1294778347.77610035
1294778347.92243865
1294778347.97600923
1294778347.109741669
1294778347.118613618
1294778347.130992688
1294778347.138738347
1294778347.152239964
1294778347.158728185
1294778347.169734247
1294778347.178601478
1294778347.190984373
1294778347.198723538
1294778347.209732889
1294778347.224740057
1294778347.229974173
1294778347.243603996
1294778347.249967446
1294778347.260978311
1294778347.275967921
1294778347.281243531
1294778347.294729890
1294778347.301224388
1294778347.312231575
1294778347.320970399
1294778347.333601542
1294778347.341226086
1294778347.352227395
1294778347.368595616
1294778347.372589720
1294778347.383595469
1294778347.392216312
1294778347.407211846
1294778347.413848201
1294778347.428584611
1294778347.433834254
1294778347.448591716
1294778347.453830448
1294778347.467334825
1294778347.475088092
1294778347.487328326
1294778347.495083910
1294778347.506087318
1294778347.514843213
1294778347.528578463
1294778347.535084779
1294778347.546067508
1294778347.554824748
1294778347.567324312
1294778347.575074388
1294778347.586078895
1294778347.598578918
1294778347.606326520
1294778347.618577684
1294778347.626317802
1294778347.637322776
1294778347.646066507
1294778347.662340286
1294778347.666311136
1294778347.679824997
1294778347.687569460
1294778347.711082719
1294778347.713811092
1294778347.717562972
1294778347.731826924
1294778347.737569024
1294778347.749826566
1294778347.758663563
1294778347.772321955
1294778347.778813086
1294778347.792319325
1294778347.798808004
1294778347.813575492
1294778347.818801835
1294778347.829804830
1294778347.838663186
1294778347.854817079
1294778347.858796562
1294778347.872301947
1294778347.878801020
1294778347.889804506
1294778347.898542331
1294778347.913562740
1294778347.920096603
1294778347.934806641
1294778347.941295478
1294778347.954801088
1294778347.961298961
1294778347.976037733
1294778347.981293924
1294778347.996038269
1294778348.1303358
1294778348.13556348
1294778348.21286611
1294778348.32314526
1294778348.44820475
1294778348.52571999
1294778348.66046441
1294778348.72559186
1294778348.87298098
1294778348.92547220
1294778348.106047411
1294778348.113807781
1294778348.128548677
1294778348.133800262
1294778348.146038812
1294778348.153825400
1294778348.167293300
1294778348.173799391
1294778348.188549047
1294778348.195059067
1294778348.209800189
1294778348.215043243
1294778348.228544032
1294778348.236542901
1294778348.247289844
1294778348.256030005
1294778348.269796433
1294778348.277535456
1294778348.289826209
1294778348.297532092
1294778348.309796061
1294778348.317532616
1294778348.328531359
1294778348.337416210
1294778348.349782880
1294778348.357527305
1294778348.371035323
1294778348.377532502
1294778348.392286588
1294778348.398776793
1294778348.411031171
1294778348.418771978
1294778348.432273958
1294778348.438773766
1294778348.451034087
1294778348.458782480
1294778348.469801733
1294778348.484789977
1294778348.490300818
1294778348.504848794
1294778348.510128908
1294778348.522387950
1294778348.530119526
1294778348.541230310
1294778348.549785739
1294778348.566007413
1294778348.571265320
1294778348.584768016
1294778348.591514209
1294778348.606001617
1294778348.611262563
1294778348.624769260
1294778348.631271246
1294778348.644774996
1294778348.652585972
1294778348.667253175
1294778348.672511641
1294778348.685996524
1294778348.692890784
1294778348.707245003
1294778348.713757106
1294778348.724770881
1294778348.733513570
1294778348.745992765
1294778348.753784425
1294778348.767254564
1294778348.773760351
1294778348.784762768
1294778348.801006880
1294778348.804995388
1294778348.815980040
1294778348.824762272
1294778348.837238329
1294778348.846355358
1294778348.859737134
1294778348.866289104
1294778348.880996563
1294778348.886351843
1294778348.898608410
1294778348.906352892
1294778348.917366645
1294778348.926097174
1294778348.938604569
1294778348.946348770
1294778348.957344296
1294778348.973604819
1294778348.977574628
1294778349.1095574
1294778349.3825334
1294778349.7575328
1294778349.21827833
1294778349.28573936
1294778349.37322785
1294778349.52327067
1294778349.57567340
1294778349.72326264
1294778349.78822843
1294778349.92327834
1294778349.98816404
1294778349.111076728
1294778349.118819235
1294778349.131070590
1294778349.138819579
1294778349.153573688
1294778349.158816654
1294778349.171068961
1294778349.178833913
1294778349.191081106
1294778349.198815618
1294778349.209815046
1294778349.218560210
1294778349.231061543
1294778349.238807903
1294778349.253564806
1294778349.260059188
1294778349.273566485
1294778349.280052996
1294778349.293561910
1294778349.300051890
1294778349.313559772
1294778349.320056857
1294778349.333573780
1294778349.341324543
1294778349.353559973
1294778349.361305325
1294778349.372302564
1294778349.381047822
1294778349.393551044
1294778349.401314196
1294778349.412302020
1294778349.421051109
1294778349.436040314
1294778349.442541673
1294778349.453571478
1294778349.462302584
1294778349.478543494
1294778349.482536325
1294778349.497322813
1294778349.503806313
1294778349.516032935
1294778349.523793605
1294778349.538535899
1294778349.543789659
1294778349.557282173
1294778349.563786355
1294778349.577279667
1294778349.585040955
1294778349.596025674
1294778349.604787111
1294778349.621042712
1294778349.625515504
1294778349.638530452
1294778349.645030289
1294778349.657275248
1294778349.666032422
1294778349.682280174
1294778349.686268427
1294778349.697272806
1294778349.706014342
1294778349.719776193
1294778349.727528062
1294778349.739784741
1294778349.747526381
1294778349.758522694
1294778349.774776596
1294778349.778760623
1294778349.792270451
1294778349.798761991
1294778349.812269937
1294778349.818764815
1294778349.829772427
1294778349.843529548
1294778349.850017686
1294778349.863518316
1294778349.870067364
1294778349.884763653
1294778349.890014552
1294778349.904770618
1294778349.911514306
1294778349.922274641
1294778349.931014619
1294778349.947258660
1294778349.951248453
1294778349.966006319
1294778349.972505122
1294778349.983509332
1294778349.992381607
1294778350.7253536
1294778350.12496407
1294778350.24754590
1294778350.32498787
1294778350.47378628
1294778350.53750672
1294778350.64889282
1294778350.73497623
1294778350.85989740
1294778350.93743542
1294778350.108490498
1294778350.115480323
1294778350.129744104
1294778350.134989989
1294778350.145993949
1294778350.154744901
1294778350.170989590
1294778350.176352393
1294778350.189738350
1294778350.196354136
1294778350.207355784
1294778350.215976841
1294778350.229735461
1294778350.236352691
1294778350.250986581
1294778350.256347384
1294778350.267351321
1294778350.285725440
1294778350.287468839
1294778350.310358906
1294778350.312968526
1294778350.317972550
1294778350.329724449
1294778350.337719963
1294778350.352361982
1294778350.357601813
1294778350.368619139
1294778350.382345707
1294778350.388843179
1294778350.401096555
1294778350.408843310
1294778350.423594123
1294778350.428836905
1294778350.443603976
1294778350.450097796
1294778350.462351000
1294778350.470087026
1294778350.483594113
1294778350.490085634
1294778350.502353473
1294778350.510087145
1294778350.522349551
1294778350.530081291
1294778350.544843211
1294778350.550093391
1294778350.563588779
1294778350.570077803
1294778350.581075432
1294778350.589825290
1294778350.605699347
1294778350.610075848
1294778350.624827745
1294778350.631327324
1294778350.643584982
1294778350.651335651
1294778350.663578791
1294778350.671319467
1294778350.684831249
1294778350.691316043
1294778350.704823074
1294778350.712568494
1294778350.723575587
1294778350.732317117
1294778350.747318722
1294778350.753825335
1294778350.767314664
1294778350.774064895
1294778350.786056817
1294778350.793952411
1294778350.808560061
1294778350.813811212
1294778350.824812616
1294778350.838558182
1294778350.845063924
1294778350.857307342
1294778350.865062465
1294778350.876048553
1294778350.884806784
1294778350.899800841
1294778350.905049813
1294778350.918566736
1294778350.926555991
1294778350.937303170
1294778350.946049857
1294778350.958556420
1294778350.966298542
1294778350.978545373
1294778350.986297467
1294778350.999806073
1294778351.6293475
1294778351.21039122
1294778351.27784175
1294778351.41037809
1294778351.47534505
1294778351.61040164
1294778351.67540463
1294778351.82301167
1294778351.88782099
1294778351.101041284
1294778351.108780715
